0.1
0.0 0.0
0.100000 0.183462
0.200000 0.186030
0.300000 0.221400
0.400000 0.317618
0.500000 0.418288
0.600000 0.550594
0.700000 0.651983
0.800000 0.740019
0.900000 0.876969
1.000000 0.977043
1.100000 1.069456
1.200000 1.204973
1.300000 1.322404
1.400000 1.422606
1.500000 1.558139
1.600000 1.659606
1.700000 1.757087
1.800000 1.898019
1.900000 1.997055
2.000000 2.095032
2.100000 2.221484
2.200000 2.315215
2.300000 2.403219
2.400000 2.500274
2.500000 2.605736
2.600000 2.685727
2.700000 2.783970
2.799999 2.911855
2.899999 3.029595
2.999999 3.107005